Running real input
part_1: Skipping
 
[16043, 32086, 48129, 64172, 80215, 96258, 112301, 128344, 144387, 160430, 176473, 192516, 208559, 224602, 240645, 256688]
[16043, 16043, 16043, 16043, 16043, 16043, 16043, 16043, 16043, 16043, 16043, 16043, 16043, 16043, 16043]
 
[20777, 41554, 62331, 83108, 103885, 124662, 145439, 166216, 186993, 207770, 228547, 249324]
[20777, 20777, 20777, 20777, 20777, 20777, 20777, 20777, 20777, 20777, 20777]
 
[13939, 27878, 41817, 55756, 69695, 83634, 97573, 111512, 125451, 139390, 153329, 167268, 181207, 195146, 209085, 223024, 236963, 250902]
[13939, 13939, 13939, 13939, 13939, 13939, 13939, 13939, 13939, 13939, 13939, 13939, 13939, 13939, 13939, 13939, 13939]
 
[18673, 37346, 56019, 74692, 93365, 112038, 130711, 149384, 168057, 186730, 205403, 224076, 242749, 261422]
[18673, 18673, 18673, 18673, 18673, 18673, 18673, 18673, 18673, 18673, 18673, 18673, 18673]
 
[11309, 22618, 33927, 45236, 56545, 67854, 79163, 90472, 101781, 113090, 124399, 135708, 147017, 158326, 169635, 180944, 192253, 203562, 214871, 226180, 237489, 248798, 260107]
[11309, 11309, 11309, 11309, 11309, 11309, 11309, 11309, 11309, 11309, 11309, 11309, 11309, 11309, 11309, 11309, 11309, 11309, 11309, 11309, 11309, 11309]
 
[17621, 35242, 52863, 70484, 88105, 105726, 123347, 140968, 158589, 176210, 193831, 211452, 229073, 246694]
[17621, 17621, 17621, 17621, 17621, 17621, 17621, 17621, 17621, 17621, 17621, 17621, 17621]
part_2: 17621
Len input: 756 lines 13082 chars
