Running: 1.in
Sample part 1: Skipping
################
R 4
_______________________
all [(0, 1), (0, 0), (0, 0), (0, 0), (0, 0), (0, 0), (0, 0), (0, 0), (0, 0), (0, 0)]
_______________________
all [(0, 2), (0, 1), (0, 0), (0, 0), (0, 0), (0, 0), (0, 0), (0, 0), (0, 0), (0, 0)]
_______________________
all [(0, 3), (0, 2), (0, 1), (0, 0), (0, 0), (0, 0), (0, 0), (0, 0), (0, 0), (0, 0)]
_______________________
all [(0, 4), (0, 3), (0, 2), (0, 1), (0, 0), (0, 0), (0, 0), (0, 0), (0, 0), (0, 0)]
++++++++++++++++++
all [(0, 4), (0, 3), (0, 2), (0, 1), (0, 0), (0, 0), (0, 0), (0, 0), (0, 0), (0, 0)]
################
U 4
_______________________
all [(1, 4), (0, 3), (0, 2), (0, 1), (0, 0), (0, 0), (0, 0), (0, 0), (0, 0), (0, 0)]
_______________________
all [(2, 4), (1, 4), (1, 3), (1, 2), (1, 1), (0, 0), (0, 0), (0, 0), (0, 0), (0, 0)]
_______________________
all [(3, 4), (2, 4), (1, 3), (1, 2), (1, 1), (0, 0), (0, 0), (0, 0), (0, 0), (0, 0)]
_______________________
all [(4, 4), (3, 4), (2, 4), (2, 3), (2, 2), (1, 1), (0, 0), (0, 0), (0, 0), (0, 0)]
++++++++++++++++++
all [(4, 4), (3, 4), (2, 4), (2, 3), (2, 2), (1, 1), (0, 0), (0, 0), (0, 0), (0, 0)]
################
L 3
_______________________
all [(4, 3), (3, 4), (2, 4), (2, 3), (2, 2), (1, 1), (0, 0), (0, 0), (0, 0), (0, 0)]
_______________________
all [(4, 2), (4, 3), (3, 3), (2, 3), (2, 2), (1, 1), (0, 0), (0, 0), (0, 0), (0, 0)]
_______________________
all [(4, 1), (4, 2), (3, 3), (2, 3), (2, 2), (1, 1), (0, 0), (0, 0), (0, 0), (0, 0)]
++++++++++++++++++
all [(4, 1), (4, 2), (3, 3), (2, 3), (2, 2), (1, 1), (0, 0), (0, 0), (0, 0), (0, 0)]
################
D 1
_______________________
all [(3, 1), (4, 2), (3, 3), (2, 3), (2, 2), (1, 1), (0, 0), (0, 0), (0, 0), (0, 0)]
++++++++++++++++++
all [(3, 1), (4, 2), (3, 3), (2, 3), (2, 2), (1, 1), (0, 0), (0, 0), (0, 0), (0, 0)]
################
R 4
_______________________
all [(3, 2), (4, 2), (3, 3), (2, 3), (2, 2), (1, 1), (0, 0), (0, 0), (0, 0), (0, 0)]
_______________________
all [(3, 3), (4, 2), (3, 3), (2, 3), (2, 2), (1, 1), (0, 0), (0, 0), (0, 0), (0, 0)]
_______________________
all [(3, 4), (3, 3), (3, 3), (2, 3), (2, 2), (1, 1), (0, 0), (0, 0), (0, 0), (0, 0)]
_______________________
all [(3, 5), (3, 4), (3, 3), (2, 3), (2, 2), (1, 1), (0, 0), (0, 0), (0, 0), (0, 0)]
++++++++++++++++++
all [(3, 5), (3, 4), (3, 3), (2, 3), (2, 2), (1, 1), (0, 0), (0, 0), (0, 0), (0, 0)]
################
D 1
_______________________
all [(2, 5), (3, 4), (3, 3), (2, 3), (2, 2), (1, 1), (0, 0), (0, 0), (0, 0), (0, 0)]
++++++++++++++++++
all [(2, 5), (3, 4), (3, 3), (2, 3), (2, 2), (1, 1), (0, 0), (0, 0), (0, 0), (0, 0)]
################
L 5
_______________________
all [(2, 4), (3, 4), (3, 3), (2, 3), (2, 2), (1, 1), (0, 0), (0, 0), (0, 0), (0, 0)]
_______________________
all [(2, 3), (3, 4), (3, 3), (2, 3), (2, 2), (1, 1), (0, 0), (0, 0), (0, 0), (0, 0)]
_______________________
all [(2, 2), (2, 3), (3, 3), (2, 3), (2, 2), (1, 1), (0, 0), (0, 0), (0, 0), (0, 0)]
_______________________
all [(2, 1), (2, 2), (3, 3), (2, 3), (2, 2), (1, 1), (0, 0), (0, 0), (0, 0), (0, 0)]
_______________________
all [(2, 0), (2, 1), (2, 2), (2, 3), (2, 2), (1, 1), (0, 0), (0, 0), (0, 0), (0, 0)]
++++++++++++++++++
all [(2, 0), (2, 1), (2, 2), (2, 3), (2, 2), (1, 1), (0, 0), (0, 0), (0, 0), (0, 0)]
################
R 2
_______________________
all [(2, 1), (2, 1), (2, 2), (2, 3), (2, 2), (1, 1), (0, 0), (0, 0), (0, 0), (0, 0)]
_______________________
all [(2, 2), (2, 1), (2, 2), (2, 3), (2, 2), (1, 1), (0, 0), (0, 0), (0, 0), (0, 0)]
++++++++++++++++++
all [(2, 2), (2, 1), (2, 2), (2, 3), (2, 2), (1, 1), (0, 0), (0, 0), (0, 0), (0, 0)]
[(2, 2), (2, 1), (2, 2), (2, 3), (2, 2), (1, 1), (0, 0), (0, 0), (0, 0), (0, 0)]
Sample part 2: 1
##############################
Running: 2.in
Sample part 1: Skipping
################
R 5
_______________________
all [(0, 1), (0, 0), (0, 0), (0, 0), (0, 0), (0, 0), (0, 0), (0, 0), (0, 0), (0, 0)]
_______________________
all [(0, 2), (0, 1), (0, 0), (0, 0), (0, 0), (0, 0), (0, 0), (0, 0), (0, 0), (0, 0)]
_______________________
all [(0, 3), (0, 2), (0, 1), (0, 0), (0, 0), (0, 0), (0, 0), (0, 0), (0, 0), (0, 0)]
_______________________
all [(0, 4), (0, 3), (0, 2), (0, 1), (0, 0), (0, 0), (0, 0), (0, 0), (0, 0), (0, 0)]
_______________________
all [(0, 5), (0, 4), (0, 3), (0, 2), (0, 1), (0, 0), (0, 0), (0, 0), (0, 0), (0, 0)]
++++++++++++++++++
all [(0, 5), (0, 4), (0, 3), (0, 2), (0, 1), (0, 0), (0, 0), (0, 0), (0, 0), (0, 0)]
################
U 8
_______________________
all [(1, 5), (0, 4), (0, 3), (0, 2), (0, 1), (0, 0), (0, 0), (0, 0), (0, 0), (0, 0)]
_______________________
all [(2, 5), (1, 5), (1, 4), (1, 3), (1, 2), (1, 1), (0, 0), (0, 0), (0, 0), (0, 0)]
_______________________
all [(3, 5), (2, 5), (1, 4), (1, 3), (1, 2), (1, 1), (0, 0), (0, 0), (0, 0), (0, 0)]
_______________________
all [(4, 5), (3, 5), (2, 5), (2, 4), (2, 3), (2, 2), (1, 1), (0, 0), (0, 0), (0, 0)]
_______________________
all [(5, 5), (4, 5), (3, 5), (2, 4), (2, 3), (2, 2), (1, 1), (0, 0), (0, 0), (0, 0)]
_______________________
all [(6, 5), (5, 5), (4, 5), (3, 5), (3, 4), (3, 3), (2, 2), (1, 1), (0, 0), (0, 0)]
_______________________
all [(7, 5), (6, 5), (5, 5), (4, 5), (3, 4), (3, 3), (2, 2), (1, 1), (0, 0), (0, 0)]
_______________________
all [(8, 5), (7, 5), (6, 5), (5, 5), (4, 5), (4, 4), (3, 3), (2, 2), (1, 1), (0, 0)]
++++++++++++++++++
all [(8, 5), (7, 5), (6, 5), (5, 5), (4, 5), (4, 4), (3, 3), (2, 2), (1, 1), (0, 0)]
################
L 8
_______________________
all [(8, 4), (7, 5), (6, 5), (5, 5), (4, 5), (4, 4), (3, 3), (2, 2), (1, 1), (0, 0)]
_______________________
all [(8, 3), (8, 4), (7, 4), (6, 4), (5, 4), (4, 4), (3, 3), (2, 2), (1, 1), (0, 0)]
_______________________
all [(8, 2), (8, 3), (7, 4), (6, 4), (5, 4), (4, 4), (3, 3), (2, 2), (1, 1), (0, 0)]
_______________________
all [(8, 1), (8, 2), (8, 3), (7, 3), (6, 3), (5, 3), (4, 3), (3, 3), (2, 2), (1, 1)]
_______________________
all [(8, 0), (8, 1), (8, 2), (7, 3), (6, 3), (5, 3), (4, 3), (3, 3), (2, 2), (1, 1)]
_______________________
all [(8, -1), (8, 0), (8, 1), (8, 2), (7, 2), (6, 2), (5, 2), (4, 2), (3, 2), (2, 2)]
_______________________
all [(8, -2), (8, -1), (8, 0), (8, 1), (7, 2), (6, 2), (5, 2), (4, 2), (3, 2), (2, 2)]
_______________________
all [(8, -3), (8, -2), (8, -1), (8, 0), (8, 1), (7, 1), (6, 1), (5, 1), (4, 1), (3, 1)]
++++++++++++++++++
all [(8, -3), (8, -2), (8, -1), (8, 0), (8, 1), (7, 1), (6, 1), (5, 1), (4, 1), (3, 1)]
################
D 3
_______________________
all [(7, -3), (8, -2), (8, -1), (8, 0), (8, 1), (7, 1), (6, 1), (5, 1), (4, 1), (3, 1)]
_______________________
all [(6, -3), (7, -3), (7, -2), (7, -1), (7, 0), (7, 1), (6, 1), (5, 1), (4, 1), (3, 1)]
_______________________
all [(5, -3), (6, -3), (7, -2), (7, -1), (7, 0), (7, 1), (6, 1), (5, 1), (4, 1), (3, 1)]
++++++++++++++++++
all [(5, -3), (6, -3), (7, -2), (7, -1), (7, 0), (7, 1), (6, 1), (5, 1), (4, 1), (3, 1)]
################
R 17
_______________________
all [(5, -2), (6, -3), (7, -2), (7, -1), (7, 0), (7, 1), (6, 1), (5, 1), (4, 1), (3, 1)]
_______________________
all [(5, -1), (5, -2), (6, -2), (7, -1), (7, 0), (7, 1), (6, 1), (5, 1), (4, 1), (3, 1)]
_______________________
all [(5, 0), (5, -1), (6, -2), (7, -1), (7, 0), (7, 1), (6, 1), (5, 1), (4, 1), (3, 1)]
_______________________
all [(5, 1), (5, 0), (5, -1), (6, -1), (7, 0), (7, 1), (6, 1), (5, 1), (4, 1), (3, 1)]
_______________________
all [(5, 2), (5, 1), (5, 0), (6, -1), (7, 0), (7, 1), (6, 1), (5, 1), (4, 1), (3, 1)]
_______________________
all [(5, 3), (5, 2), (5, 1), (5, 0), (6, 0), (7, 1), (6, 1), (5, 1), (4, 1), (3, 1)]
_______________________
all [(5, 4), (5, 3), (5, 2), (5, 1), (6, 0), (7, 1), (6, 1), (5, 1), (4, 1), (3, 1)]
_______________________
all [(5, 5), (5, 4), (5, 3), (5, 2), (5, 1), (6, 1), (6, 1), (5, 1), (4, 1), (3, 1)]
_______________________
all [(5, 6), (5, 5), (5, 4), (5, 3), (5, 2), (6, 1), (6, 1), (5, 1), (4, 1), (3, 1)]
_______________________
all [(5, 7), (5, 6), (5, 5), (5, 4), (5, 3), (5, 2), (6, 1), (5, 1), (4, 1), (3, 1)]
_______________________
all [(5, 8), (5, 7), (5, 6), (5, 5), (5, 4), (5, 3), (5, 2), (5, 1), (4, 1), (3, 1)]
_______________________
all [(5, 9), (5, 8), (5, 7), (5, 6), (5, 5), (5, 4), (5, 3), (5, 2), (4, 1), (3, 1)]
_______________________
all [(5, 10), (5, 9), (5, 8), (5, 7), (5, 6), (5, 5), (5, 4), (5, 3), (5, 2), (4, 2)]
_______________________
all [(5, 11), (5, 10), (5, 9), (5, 8), (5, 7), (5, 6), (5, 5), (5, 4), (5, 3), (4, 2)]
_______________________
all [(5, 12), (5, 11), (5, 10), (5, 9), (5, 8), (5, 7), (5, 6), (5, 5), (5, 4), (5, 3)]
_______________________
all [(5, 13), (5, 12), (5, 11), (5, 10), (5, 9), (5, 8), (5, 7), (5, 6), (5, 5), (5, 4)]
_______________________
all [(5, 14), (5, 13), (5, 12), (5, 11), (5, 10), (5, 9), (5, 8), (5, 7), (5, 6), (5, 5)]
++++++++++++++++++
all [(5, 14), (5, 13), (5, 12), (5, 11), (5, 10), (5, 9), (5, 8), (5, 7), (5, 6), (5, 5)]
################
D 10
_______________________
all [(4, 14), (5, 13), (5, 12), (5, 11), (5, 10), (5, 9), (5, 8), (5, 7), (5, 6), (5, 5)]
_______________________
all [(3, 14), (4, 14), (4, 13), (4, 12), (4, 11), (4, 10), (4, 9), (4, 8), (4, 7), (4, 6)]
_______________________
all [(2, 14), (3, 14), (4, 13), (4, 12), (4, 11), (4, 10), (4, 9), (4, 8), (4, 7), (4, 6)]
_______________________
all [(1, 14), (2, 14), (3, 14), (3, 13), (3, 12), (3, 11), (3, 10), (3, 9), (3, 8), (3, 7)]
_______________________
all [(0, 14), (1, 14), (2, 14), (3, 13), (3, 12), (3, 11), (3, 10), (3, 9), (3, 8), (3, 7)]
_______________________
all [(-1, 14), (0, 14), (1, 14), (2, 14), (2, 13), (2, 12), (2, 11), (2, 10), (2, 9), (2, 8)]
_______________________
all [(-2, 14), (-1, 14), (0, 14), (1, 14), (2, 13), (2, 12), (2, 11), (2, 10), (2, 9), (2, 8)]
_______________________
all [(-3, 14), (-2, 14), (-1, 14), (0, 14), (1, 14), (1, 13), (1, 12), (1, 11), (1, 10), (1, 9)]
_______________________
all [(-4, 14), (-3, 14), (-2, 14), (-1, 14), (0, 14), (1, 13), (1, 12), (1, 11), (1, 10), (1, 9)]
_______________________
all [(-5, 14), (-4, 14), (-3, 14), (-2, 14), (-1, 14), (0, 14), (0, 13), (0, 12), (0, 11), (0, 10)]
++++++++++++++++++
all [(-5, 14), (-4, 14), (-3, 14), (-2, 14), (-1, 14), (0, 14), (0, 13), (0, 12), (0, 11), (0, 10)]
################
L 25
_______________________
all [(-5, 13), (-4, 14), (-3, 14), (-2, 14), (-1, 14), (0, 14), (0, 13), (0, 12), (0, 11), (0, 10)]
_______________________
all [(-5, 12), (-5, 13), (-4, 13), (-3, 13), (-2, 13), (-1, 13), (0, 13), (0, 12), (0, 11), (0, 10)]
_______________________
all [(-5, 11), (-5, 12), (-4, 13), (-3, 13), (-2, 13), (-1, 13), (0, 13), (0, 12), (0, 11), (0, 10)]
_______________________
all [(-5, 10), (-5, 11), (-5, 12), (-4, 12), (-3, 12), (-2, 12), (-1, 12), (0, 12), (0, 11), (0, 10)]
_______________________
all [(-5, 9), (-5, 10), (-5, 11), (-4, 12), (-3, 12), (-2, 12), (-1, 12), (0, 12), (0, 11), (0, 10)]
_______________________
all [(-5, 8), (-5, 9), (-5, 10), (-5, 11), (-4, 11), (-3, 11), (-2, 11), (-1, 11), (0, 11), (0, 10)]
_______________________
all [(-5, 7), (-5, 8), (-5, 9), (-5, 10), (-4, 11), (-3, 11), (-2, 11), (-1, 11), (0, 11), (0, 10)]
_______________________
all [(-5, 6), (-5, 7), (-5, 8), (-5, 9), (-5, 10), (-4, 10), (-3, 10), (-2, 10), (-1, 10), (0, 10)]
_______________________
all [(-5, 5), (-5, 6), (-5, 7), (-5, 8), (-5, 9), (-4, 10), (-3, 10), (-2, 10), (-1, 10), (0, 10)]
_______________________
all [(-5, 4), (-5, 5), (-5, 6), (-5, 7), (-5, 8), (-5, 9), (-4, 9), (-3, 9), (-2, 9), (-1, 9)]
_______________________
all [(-5, 3), (-5, 4), (-5, 5), (-5, 6), (-5, 7), (-5, 8), (-4, 9), (-3, 9), (-2, 9), (-1, 9)]
_______________________
all [(-5, 2), (-5, 3), (-5, 4), (-5, 5), (-5, 6), (-5, 7), (-5, 8), (-4, 8), (-3, 8), (-2, 8)]
_______________________
all [(-5, 1), (-5, 2), (-5, 3), (-5, 4), (-5, 5), (-5, 6), (-5, 7), (-4, 8), (-3, 8), (-2, 8)]
_______________________
all [(-5, 0), (-5, 1), (-5, 2), (-5, 3), (-5, 4), (-5, 5), (-5, 6), (-5, 7), (-4, 7), (-3, 7)]
_______________________
all [(-5, -1), (-5, 0), (-5, 1), (-5, 2), (-5, 3), (-5, 4), (-5, 5), (-5, 6), (-4, 7), (-3, 7)]
_______________________
all [(-5, -2), (-5, -1), (-5, 0), (-5, 1), (-5, 2), (-5, 3), (-5, 4), (-5, 5), (-5, 6), (-4, 6)]
_______________________
all [(-5, -3), (-5, -2), (-5, -1), (-5, 0), (-5, 1), (-5, 2), (-5, 3), (-5, 4), (-5, 5), (-4, 6)]
_______________________
all [(-5, -4), (-5, -3), (-5, -2), (-5, -1), (-5, 0), (-5, 1), (-5, 2), (-5, 3), (-5, 4), (-5, 5)]
_______________________
all [(-5, -5), (-5, -4), (-5, -3), (-5, -2), (-5, -1), (-5, 0), (-5, 1), (-5, 2), (-5, 3), (-5, 4)]
_______________________
all [(-5, -6), (-5, -5), (-5, -4), (-5, -3), (-5, -2), (-5, -1), (-5, 0), (-5, 1), (-5, 2), (-5, 3)]
_______________________
all [(-5, -7), (-5, -6), (-5, -5), (-5, -4), (-5, -3), (-5, -2), (-5, -1), (-5, 0), (-5, 1), (-5, 2)]
_______________________
all [(-5, -8), (-5, -7), (-5, -6), (-5, -5), (-5, -4), (-5, -3), (-5, -2), (-5, -1), (-5, 0), (-5, 1)]
_______________________
all [(-5, -9), (-5, -8), (-5, -7), (-5, -6), (-5, -5), (-5, -4), (-5, -3), (-5, -2), (-5, -1), (-5, 0)]
_______________________
all [(-5, -10), (-5, -9), (-5, -8), (-5, -7), (-5, -6), (-5, -5), (-5, -4), (-5, -3), (-5, -2), (-5, -1)]
_______________________
all [(-5, -11), (-5, -10), (-5, -9), (-5, -8), (-5, -7), (-5, -6), (-5, -5), (-5, -4), (-5, -3), (-5, -2)]
++++++++++++++++++
all [(-5, -11), (-5, -10), (-5, -9), (-5, -8), (-5, -7), (-5, -6), (-5, -5), (-5, -4), (-5, -3), (-5, -2)]
################
U 20
_______________________
all [(-4, -11), (-5, -10), (-5, -9), (-5, -8), (-5, -7), (-5, -6), (-5, -5), (-5, -4), (-5, -3), (-5, -2)]
_______________________
all [(-3, -11), (-4, -11), (-4, -10), (-4, -9), (-4, -8), (-4, -7), (-4, -6), (-4, -5), (-4, -4), (-4, -3)]
_______________________
all [(-2, -11), (-3, -11), (-4, -10), (-4, -9), (-4, -8), (-4, -7), (-4, -6), (-4, -5), (-4, -4), (-4, -3)]
_______________________
all [(-1, -11), (-2, -11), (-3, -11), (-3, -10), (-3, -9), (-3, -8), (-3, -7), (-3, -6), (-3, -5), (-3, -4)]
_______________________
all [(0, -11), (-1, -11), (-2, -11), (-3, -10), (-3, -9), (-3, -8), (-3, -7), (-3, -6), (-3, -5), (-3, -4)]
_______________________
all [(1, -11), (0, -11), (-1, -11), (-2, -11), (-2, -10), (-2, -9), (-2, -8), (-2, -7), (-2, -6), (-2, -5)]
_______________________
all [(2, -11), (1, -11), (0, -11), (-1, -11), (-2, -10), (-2, -9), (-2, -8), (-2, -7), (-2, -6), (-2, -5)]
_______________________
all [(3, -11), (2, -11), (1, -11), (0, -11), (-1, -11), (-1, -10), (-1, -9), (-1, -8), (-1, -7), (-1, -6)]
_______________________
all [(4, -11), (3, -11), (2, -11), (1, -11), (0, -11), (-1, -10), (-1, -9), (-1, -8), (-1, -7), (-1, -6)]
_______________________
all [(5, -11), (4, -11), (3, -11), (2, -11), (1, -11), (0, -11), (0, -10), (0, -9), (0, -8), (0, -7)]
_______________________
all [(6, -11), (5, -11), (4, -11), (3, -11), (2, -11), (1, -11), (0, -10), (0, -9), (0, -8), (0, -7)]
_______________________
all [(7, -11), (6, -11), (5, -11), (4, -11), (3, -11), (2, -11), (1, -11), (1, -10), (1, -9), (1, -8)]
_______________________
all [(8, -11), (7, -11), (6, -11), (5, -11), (4, -11), (3, -11), (2, -11), (1, -10), (1, -9), (1, -8)]
_______________________
all [(9, -11), (8, -11), (7, -11), (6, -11), (5, -11), (4, -11), (3, -11), (2, -11), (2, -10), (2, -9)]
_______________________
all [(10, -11), (9, -11), (8, -11), (7, -11), (6, -11), (5, -11), (4, -11), (3, -11), (2, -10), (2, -9)]
_______________________
all [(11, -11), (10, -11), (9, -11), (8, -11), (7, -11), (6, -11), (5, -11), (4, -11), (3, -11), (3, -10)]
_______________________
all [(12, -11), (11, -11), (10, -11), (9, -11), (8, -11), (7, -11), (6, -11), (5, -11), (4, -11), (3, -10)]
_______________________
all [(13, -11), (12, -11), (11, -11), (10, -11), (9, -11), (8, -11), (7, -11), (6, -11), (5, -11), (4, -11)]
_______________________
all [(14, -11), (13, -11), (12, -11), (11, -11), (10, -11), (9, -11), (8, -11), (7, -11), (6, -11), (5, -11)]
_______________________
all [(15, -11), (14, -11), (13, -11), (12, -11), (11, -11), (10, -11), (9, -11), (8, -11), (7, -11), (6, -11)]
++++++++++++++++++
all [(15, -11), (14, -11), (13, -11), (12, -11), (11, -11), (10, -11), (9, -11), (8, -11), (7, -11), (6, -11)]
[(15, -11), (14, -11), (13, -11), (12, -11), (11, -11), (10, -11), (9, -11), (8, -11), (7, -11), (6, -11)]
Sample part 2: 36
##############################
Len input: 2000 lines 8387 chars
