-892,524,684
-876,649,763
-838,591,734
-807,-499,711
-789,900,-551
-755,-354,619
-729,430,-532
-719,-612,-393
-703,-491,529
-697,-610,-426
-689,845,-530
-686,422,-578
-682,504,-795
-673,-804,-379
-669,-402,-600
-667,-467,-485
-661,-816,-575
-649,665,640
-647,635,688
-646,498,-828
-640,510,759
-618,-824,-621
-615,-604,-575
-614,-800,-639
-611,461,441
-609,-379,671
-605,-692,-669
-605,423,-415
-604,-487,807
-595,780,596
-592,-562,727
-586,-435,-557
-584,868,-557
-578,681,704
-577,562,-820
-571,-707,-461
-567,-361,-727
-562,-778,-733
-553,889,390
-543,643,506
-537,-823,-458
-528,-832,391
-515,917,361
-512,-582,833
-509,732,-623
-500,-460,723
-493,-388,664
-485,-357,347
-465,776,-714
-447,-329,318
-436,512,466
-427,804,-743
-426,699,-580
-413,935,424
-407,773,-750
-393,506,408
-378,-903,323
-345,-311,381
-338,-750,386
-325,822,-680
-95,138,-22
-16,-151,110
7,-33,-71
30,44,6
46,14,30
104,29,-83
138,112,-166
322,571,-750
328,-685,-520
336,658,-858
340,-569,846
355,545,477
364,-763,893
390,-675,-793
391,539,444
404,-588,-901
423,-701,434
428,-682,-258
429,-592,-574
438,-605,362
443,432,-627
443,580,662
452,-876,-211
455,729,728
458,-679,417
459,-707,401
460,603,452
466,-666,811
469,-447,387
474,580,667
476,593,808
476,619,-847
479,426,-660
485,438,927
488,449,-543
500,-761,-534
500,565,823
516,-451,839
524,371,870
528,-643,409
544,-627,-890
547,609,872
548,490,-652
553,345,-567
554,-779,-293
555,653,-800
564,392,-477
588,648,-843
589,542,-597
625,-532,891
626,468,788
630,319,-379
630,768,509
632,-460,832
644,-595,584
660,373,-557
667,800,343
671,530,-858
674,763,560
675,-343,-892
681,-333,-892
742,-386,-814
778,-728,-485
784,-524,533
868,-804,-481
889,-600,563
938,-730,-414
